# Frame list with one line of data per frame:
#   FRAME_ID, RIG_ID, RIG_FROM_WORLD[QW, QX, QY, QZ, TX, TY, TZ], NUM_DATA_IDS, DATA_IDS[] as (SENSOR_TYPE, SENSOR_ID, DATA_ID)
# Number of frames: 20
1 1 0.99366836129452274 -0.0067612341625168668 0.11046094874513565 0.019386909944137817 -1.1614918770480729 -0.024394637957330604 -0.51920124533402101 1 CAMERA 1 1
2 1 0.99874642483815279 -0.0091752849227820024 0.048575459872759193 0.0078624244189636899 -0.3539595958814078 -0.2170708178539755 0.61531341962019359 1 CAMERA 1 2
3 1 0.99840610877563873 -0.0078910457754832863 -0.051960021364688462 -0.020570112684128061 0.51538715885066144 -0.35467086748628568 1.681146330158259 1 CAMERA 1 3
4 1 0.98147873793552687 -0.0054525842939482407 -0.188159621081259 -0.035576864667363893 2.9053376656925494 -0.70903598092742248 3.0734193656596669 1 CAMERA 1 4
5 1 0.93672567766414605 0.011428879044745058 -0.34361138277484282 -0.065921188975832504 2.8434251899072094 -0.35913170674419786 4.3290604169084403 1 CAMERA 1 5
6 1 0.92577658801464346 0.0086606190900109722 -0.373097327595378 -0.060506916151213674 1.7813201789477833 -0.74947747278824839 3.8346278651470111 1 CAMERA 1 6
7 1 0.95989428867677851 0.0064215334218841571 -0.27851781845713725 -0.031457006788475364 2.4833620200812576 -0.48787102152082212 3.291777138237606 1 CAMERA 1 7
8 1 0.98805320199432323 0.00082095195875509473 -0.15276989963913198 -0.020286789566022652 1.8410938799999839 -0.5727305740327886 2.7631927561221006 1 CAMERA 1 8
9 1 0.99697980405136633 -0.001277141153674162 -0.076619739795588004 -0.012611688936435011 1.0284435733151327 -0.56335927484593706 2.7563652695375427 1 CAMERA 1 9
10 1 0.99978622264902639 0.00040268190430886136 -0.020658130730459894 -0.00076712658585373935 0.27033409188466551 -0.57388866710788267 2.3113863001655575 1 CAMERA 1 10
11 1 0.99948937920098058 0.00294815155736793 0.030630889350111132 0.0086045269744764973 -0.40040903623287311 -0.64271286957191798 1.580107341663892 1 CAMERA 1 11
12 1 0.99363078146665351 0.0055802583928996272 0.1113790778130235 0.016168854744734205 -0.72173504295512703 -0.47864792336424483 1.0731779174096869 1 CAMERA 1 12
13 1 0.98826125343126558 0.008608243230806582 0.15110697934079839 0.020791197883783467 -1.029538438211816 -0.17169824706148876 0.69469014035139376 1 CAMERA 1 13
14 1 0.98724073730568596 0.0061070167872323989 0.15797658962530636 0.019021779108267495 -1.3022528598548306 -0.013095834497226544 0.11846441123296439 1 CAMERA 1 14
15 1 0.98924193668753024 0.00028001934871203283 0.14528469066592126 0.017107628297824678 -1.7563521964870648 0.24068244325048019 -0.52885660025196413 1 CAMERA 1 15
16 1 0.9879314390566577 -0.0020531587895334241 0.15382034688138946 0.018070892277788457 -2.5132821509100669 0.36373279851089552 -1.2265721066898252 1 CAMERA 1 16
17 1 0.98596615666127563 -0.0030855420379942975 0.16584056255608964 0.018924195095284237 -3.3471742418692085 0.54997894825086802 -1.8794909555313757 1 CAMERA 1 17
18 1 0.98823697620368955 -0.0066751463395048824 0.15172367347037852 0.017973541492664471 -3.7682887473338078 0.74457702052774721 -2.8442671727313513 1 CAMERA 1 18
19 1 0.99089757812949919 -0.0080043876307098454 0.13368038900086321 0.013692079182083936 -3.9813357391345212 0.95644045736212602 -3.9752552202001108 1 CAMERA 1 19
20 1 0.99663430677454112 -0.011430547420188682 0.081173007694245639 0.00058648748907119523 -4.0189608311399132 1.1245780514330728 -5.1654461148257136 1 CAMERA 1 20
